"StrategyName"	"UD_ScreenCosts"	"UD_TriageCosts"	"UD_EarlyTreatmentCosts"	"UD_LateTreatmentCosts"	"D_ScreenCosts"	"D_TriageCosts"	"D_EarlyTreatmentCosts"	"D_LateTreatmentCosts"	"N_CancerDeaths"	"N_Overdiagnosed"	"N_ClinicalCases"
"NoScreening"	0	0	0	90400000	0	0	0	5049812	2676	0	4520
"25_25_1"	9902100	1933000	0	90400000	2924090.13	570814.9	0	5049812	2676	0	4520
"26_26_1"	9899000	2068000	0	90400000	2783598.8	581521.6	0	5049812	2676	0	4520
"27_27_1"	9896000	1976000	0	90400000	2650148.8	529172.8	0	5049812	2676	0	4520
"28_28_1"	9890700	1965000	0	90400000	2523117.57	501271.5	0	5049812	2676	0	4520
"29_29_1"	9886400	1962000	0	90400000	2401406.56	476569.8	0	5049812	2676	0	4520
"30_30_1"	9882400	1981000	0	90400000	2286787.36	458403.4	0	5049812	2676	0	4520
"31_31_1"	9876100	1991000	360000	89680000	2176692.44	438816.4	79344	4928098	2656	0	4520
"32_32_1"	9868300	2151000	770000	88860000	2071356.17	451494.9	161623	4798594	2642	0	4520
"33_33_1"	9860900	2158000	1150000	88100000	1971193.91	431384.2	229885	4693826	2622	0	4520
"34_34_1"	9853600	2098000	1450000	87500000	1876125.44	399459.2	276080	4619450	2607	0	4520
"35_35_1"	9845100	2117000	1590000	87240000	1784916.63	383812.1	288267	4592896	2600	1	4521
"36_36_1"	9833500	2086000	1690000	87020000	1698245.45	360252.2	291863	4585638	2598	0	4520
"37_37_1"	9821800	2138000	1840000	86740000	1614703.92	351487.2	302496	4570588	2593	1	4521
"38_38_1"	9810800	2092000	1860000	86700000	1536371.28	327607.2	291276	4590882	2595	1	4521
"39_39_1"	9798300	2171000	1880000	86660000	1460926.53	323696.1	280308	4613106	2592	1	4521
"40_40_1"	9783800	2231000	1910000	86600000	1389299.6	316802	271220	4631622	2593	1	4521
"41_41_1"	9769400	2238000	2390000	85640000	1321799.82	302801.4	323367	4541516	2573	1	4521
"42_42_1"	9751000	2203000	2490000	85480000	1255928.8	283746.4	320712	4554676	2565	3	4523
"43_43_1"	9733000	2165000	2700000	85060000	1194239.1	265645.5	331290	4532056	2557	3	4523
"44_44_1"	9714100	2223000	2870000	84760000	1135578.29	259868.7	335503	4530740	2540	5	4525
"45_45_1"	9697300	2205000	3190000	84140000	1079309.49	245416.5	355047	4488962	2528	6	4526
"46_46_1"	9670700	2350000	3450000	83620000	1025094.2	249100	365700	4472842	2511	6	4526
"47_47_1"	9645900	2229000	3290000	83920000	973271.31	224906.1	331961	4525470	2515	5	4525
"48_48_1"	9617900	2258000	3180000	84100000	924280.19	216993.8	305598	4566916	2521	3	4523
"49_49_1"	9591700	2240000	3350000	83820000	878599.72	205184	306860	4570190	2523	6	4526
"50_50_1"	9564100	2190000	3430000	83660000	833989.52	190968	299096	4576684	2525	6	4526
"51_51_1"	9524300	2248000	3430000	83760000	791469.33	186808.8	285033	4607944	2535	11	4531
"52_52_1"	9485900	2282000	3450000	83760000	750334.69	180506.2	272895	4630984	2533	13	4533
"53_53_1"	9447700	2281000	3310000	84060000	711411.81	171759.3	249243	4669316	2533	14	4534
"54_54_1"	9410400	2258000	3720000	83260000	674725.68	161898.6	266724	4638778	2522	15	4535
"55_55_1"	9368400	2191000	3790000	83200000	639861.72	149645.3	258857	4655870	2518	19	4539
"56_56_1"	9312900	2190000	3930000	82960000	606269.79	142569	255843	4662934	2518	21	4541
"57_57_1"	9253400	2187000	3970000	82960000	573710.8	135594	246140	4680656	2509	25	4545
"58_58_1"	9198000	2189000	4250000	82460000	542682	129151	250750	4674966	2499	28	4548
"59_59_1"	9141300	2271000	4510000	81920000	513741.06	127630.2	253462	4666162	2489	27	4547
"60_60_1"	9082400	2239000	4410000	82180000	485908.4	119786.5	235935	4697832	2484	30	4550
"61_61_1"	9002100	2245000	4600000	81840000	459107.1	114495	234600	4697422	2485	32	4552
"62_62_1"	8918400	2197000	4440000	82240000	433434.24	106774.2	215784	4731698	2500	36	4556
"63_63_1"	8839000	2194000	4580000	82080000	408361.8	101362.8	211596	4739806	2497	42	4562
"64_64_1"	8760700	2193000	4730000	81920000	385470.8	96492	208120	4748724	2510	49	4569
"65_65_1"	8681200	2176000	4950000	81660000	363742.28	91174.4	207405	4753126	2504	58	4578
"66_66_1"	8560100	2189000	4890000	81880000	341547.99	87341.1	195111	4775768	2503	63	4583
"67_67_1"	8444000	2190000	4950000	81780000	320872	83220	188100	4783580	2489	64	4584
"68_68_1"	8325800	2125000	4840000	82120000	301393.96	76925	175208	4805268	2502	70	4590
"69_69_1"	8205000	2082000	4630000	82560000	283072.5	71829	159735	4830496	2513	71	4591
"70_70_1"	8084600	2144000	4910000	82320000	265983.34	70537.6	161539	4833230	2499	87	4607
"71_71_1"	7897400	2045000	4730000	82660000	247188.62	64008.5	148049	4851580	2490	86	4606
"72_72_1"	7716100	1948000	4430000	82920000	229939.78	58050.4	132014	4867582	2498	69	4589
"73_73_1"	7532800	1986000	4320000	83360000	213931.52	56402.4	122688	4886230	2518	80	4600
"74_74_1"	7358800	1888000	4340000	83420000	198687.6	50976	117180	4894034	2513	85	4605
"75_75_1"	7186000	1847000	4250000	83760000	185398.8	47652.6	109650	4909096	2530	93	4613
"76_76_1"	6925800	1884000	4500000	83680000	169682.1	46158	110250	4913434	2530	114	4634
"77_77_1"	6657500	1770000	4450000	83760000	155785.5	41418	104130	4921598	2533	113	4633
"78_78_1"	6389600	1672000	4370000	83760000	141849.12	37118.4	97014	4926856	2529	105	4625
"79_79_1"	6124100	1643000	4060000	84380000	129830.92	34831.6	86072	4943432	2551	105	4625
"80_80_1"	5858200	1622000	4250000	84140000	118335.64	32764.4	85850	4943720	2540	112	4632
"81_81_1"	5502000	1535000	3970000	84840000	105638.4	29472	76224	4959684	2563	119	4639
"82_82_1"	5151700	1352000	3610000	85480000	94276.11	24741.6	66063	4973390	2569	115	4635
"83_83_1"	4803200	1299000	3410000	85740000	83575.68	22602.6	59334	4980428	2574	108	4628
"84_84_1"	4446600	1207000	3320000	8.6e+07	73813.56	20036.2	55112	4986688	2582	112	4632
"85_85_1"	4102700	1139000	3e+06	86980000	64822.66	17996.2	47400	5003144	2610	129	4649
"86_86_1"	3725000	1052000	3150000	86920000	56247.5	15885.2	47565	5004378	2605	141	4661
"87_87_1"	3347900	892000	2560000	87760000	47874.97	12755.6	36608	5017062	2628	124	4644
"88_88_1"	2973800	803000	2300000	88040000	40741.06	11001.1	31510	5021834	2630	112	4632
"89_89_1"	2602400	707000	1940000	88500000	33831.2	9191	25220	5028350	2637	99	4619
"90_90_1"	2232700	616000	1690000	88680000	27685.48	7638.4	20956	5031132	2645	83	4603
"91_91_1"	1948400	538000	1590000	8.9e+07	22991.12	6348.4	18762	5035258	2654	89	4609
"92_92_1"	1670600	476000	1440000	89120000	18710.72	5331.2	16128	5036920	2654	80	4600
"93_93_1"	1390400	417000	1200000	89420000	14877.28	4461.9	12840	5040342	2660	71	4591
"94_94_1"	1108800	323000	990000	89780000	11309.76	3294.6	10098	5044052	2665	68	4588
"95_95_1"	833600	233000	670000	9e+07	8085.92	2260.1	6499	5046300	2670	47	4567
"96_96_1"	665200	171000	580000	90160000	6119.84	1573.2	5336	5047772	2674	46	4566
"97_97_1"	497200	158000	420000	90280000	4375.36	1390.4	3696	5048836	2676	36	4556
"98_98_1"	329000	90000	220000	90320000	2763.6	756	1848	5049172	2676	18	4538
"99_99_1"	163000	34000	1e+05	90400000	1304	272	800	5049812	2676	10	4530
"100_100_1"	0	0	0	90400000	0	0	0	5049812	2676	0	4520
"25_50_1"	254114600	52083000	11480000	67720000	43727320.7	8929384.8	1569385	2592828	2161	14	4534
"25_50_5"	58651300	12431000	7860000	74880000	10295851.74	2141852.6	969987	3524940	2316	10	4530
"25_55_1"	301205900	61979000	15540000	59940000	47284172.89	9677307.8	1875185	2124242	1998	31	4551
"25_55_2"	155472600	32418000	14020000	62920000	24553431.96	5061212.4	1654878	2464386	2058	28	4548
"25_55_3"	106877800	22632000	12780000	65400000	16981853.3	3530536.1	1482781	2734706	2110	28	4548
"25_55_5"	68008600	14517000	10600000	69700000	10934955.33	2284326.4	1157129	3240900	2202	25	4545
"25_55_6"	58270300	12444000	9900000	71100000	9426068.5	1961708.9	1080003	3367024	2238	25	4545
"25_55_10"	38808300	8403000	8140000	74600000	6427790.69	1346106.9	866352	3692772	2313	24	4544
"25_60_1"	347023100	71432000	20380000	50760000	49996425.89	10236449.8	2161428	1688328	1790	56	4576
"25_60_5"	77077700	16628000	13730000	63800000	11420152.18	2397264.9	1324584	2989532	2065	43	4563
"25_60_7"	57747700	12920000	11770000	67620000	8677018.95	1870026.4	1126556	3304532	2155	38	4558
"25_65_1"	391034200	80616000	25470000	41540000	52037738.88	10662506.4	2396515	1343868	1607	104	4624
"25_65_2"	200245800	42120000	22920000	46480000	26864761.99	5561644.4	2109837	1786212	1706	96	4616
"25_65_4"	104810900	22783000	18950000	54240000	14290994.23	3019801.6	1686252	2447124	1882	87	4607
"25_65_5"	85743500	18655000	17190000	57680000	11783249.2	2482196.2	1469558	2781224	1950	83	4603
"25_65_8"	57038500	12740000	13890000	64160000	8031703.79	1723448.9	1178617	3247026	2106	77	4597
"25_65_10"	47484900	10535000	12650000	66580000	6791340.23	1435437.7	1055321	3421588	2158	74	4594
"25_70_1"	432450300	89412000	30350000	32960000	53543223.61	10982131.9	2573936	1089464	1402	163	4683
"25_70_3"	150246100	32436000	24650000	4.4e+07	18950649.39	3973571.9	2017292	1953084	1645	145	4665
"25_70_5"	93809700	20624000	20350000	52380000	12048627.18	2546976.3	1573522	2640300	1828	134	4654
"25_70_9"	56042800	12693000	15370000	6.2e+07	7468791.86	1591198.1	1173801	3266490	2052	117	4637
"25_75_1"	469951400	97328000	34440000	26180000	54612946.66	11207920.6	2690505	930822	1243	233	4753
"25_75_2"	239353000	50769000	30790000	33220000	28110199.54	5837019	2360680	1440748	1401	220	4740
"25_75_5"	100979100	22313000	23020000	48120000	12233597.7	2590552.5	1642408	2550386	1732	188	4708
"25_75_10"	54665200	12330000	16380000	60700000	6976591.97	1481748.7	1151555	3297424	2026	153	4673
"25_80_1"	501729500	104238000	39260000	18900000	55324475.17	11362676.3	2798474	795482	1084	351	4871
"25_80_5"	106824300	23809000	26010000	43680000	12351670.74	2620771.7	1702806	2475466	1639	265	4785
"25_85_1"	525590000	109391000	42780000	14560000	55744039.78	11453283.4	2860192	729968	980	486	5006
"25_85_2"	266418700	56989000	38020000	23280000	28647414.48	5960381.2	2504258	1272568	1188	446	4966
"25_85_3"	179978600	39448000	34220000	30280000	19620847.99	4131454	2227288	1697036	1345	416	4936
"25_85_4"	136722800	30469000	31060000	36060000	15112024.89	3216057.2	1987809	2061614	1487	389	4909
"25_85_5"	110916600	24850000	28030000	41500000	12416329.08	2637219.5	1734722	2445940	1593	358	4878
"25_85_6"	93421700	21132000	25680000	45480000	10612899.96	2252201.1	1594333	2651354	1694	322	4842
"25_85_10"	58764800	13439000	19080000	57620000	7041365.65	1499270.9	1194215	3255520	1967	269	4789
"25_90_1"	540374300	112533000	45140000	11820000	55949066.66	11496859.5	2893099	696588	925	585	5105
"25_90_5"	113143300	25410000	29160000	40280000	12443940.16	2644163.5	1748734	2432614	1571	410	4930
"25_95_1"	547276800	114043000	46260000	10960000	56024503.76	11513351.3	2905382	688112	912	654	5174
"25_95_2"	276486200	59256000	40780000	20440000	28774382.6	5988883.9	2539044	1240580	1136	580	5100
"25_95_5"	113974500	25619000	29590000	40020000	12452002.8	2646190.8	1752905	2430358	1569	440	4960
"25_95_7"	82823400	19226000	24570000	48560000	9350123.27	2038306.7	1459580	2870160	1751	365	4885
"25_95_10"	59597500	13663000	19660000	57240000	7049442.84	1501443.7	1199841	3252184	1962	308	4828
"25_100_1"	548919900	114387000	46490000	10940000	56038966.4	11516376.9	2907402	687944	912	676	5196
"25_100_3"	186477800	40987000	36690000	28160000	19699915.34	4150067.8	2257147	1673666	1308	557	5077
"25_100_5"	113974500	25619000	29590000	40020000	12452002.8	2646190.8	1752905	2430358	1569	440	4960
"30_50_1"	204640400	42179000	11480000	67720000	30444958.84	6270034.2	1569385	2592828	2161	14	4534
"30_50_2"	107215800	22579000	10260000	70100000	16016806.05	3359693.3	1368646	2907508	2217	11	4531
"30_50_4"	58491200	12517000	8710000	73200000	8809654.16	1864861.4	1108636	3311628	2290	11	4531
"30_50_5"	48749200	10498000	7860000	74880000	7371761.61	1571037.7	969987	3524940	2316	10	4530
"30_50_10"	29227700	6376000	5080000	80380000	4509849.76	963906.2	547644	4194426	2454	7	4527
"30_55_1"	251731700	52075000	15540000	59940000	34001811.03	7017957.2	1875185	2124242	1998	31	4551
"30_55_5"	58106500	12584000	10600000	69700000	8010865.2	1713511.5	1157129	3240900	2202	25	4545
"30_60_1"	297548900	61528000	20380000	50760000	36714064.03	7577099.2	2161428	1688328	1790	56	4576
"30_60_2"	153581100	32559000	18240000	54940000	19068665.12	4017343.4	1888181	2115306	1881	51	4571
"30_60_3"	105577000	22710000	16270000	58780000	13190281.83	2807646.4	1653904	2484784	1962	46	4566
"30_60_5"	67175600	14695000	13730000	63800000	8496062.05	1826450	1324584	2989532	2065	43	4563
"30_60_6"	57546200	12729000	12530000	66120000	7323366.3	1577414.7	1184170	3212256	2126	39	4559
"30_60_10"	38306500	8580000	9140000	72820000	4995565.56	1081820.2	764854	3871096	2278	35	4555
"30_65_1"	341560000	70712000	25470000	41540000	38755377.02	8003155.8	2396515	1343868	1607	104	4624
"30_65_5"	75841400	16722000	17190000	57680000	8859159.07	1911381.3	1469558	2781224	1950	83	4603
"30_65_7"	56792900	12677000	14560000	62900000	6733016.89	1458182.6	1194078	3221236	2077	81	4601
"30_70_1"	382976100	79508000	30350000	32960000	40260861.75	8322781.3	2573936	1089464	1402	163	4683
"30_70_2"	196073600	41917000	27150000	39140000	20790204.87	4395803.9	2247849	1596896	1543	152	4672
"30_70_4"	102571100	22625000	22230000	48760000	11063603.36	2378625.6	1779161	2328206	1754	141	4661
"30_70_5"	83907600	18691000	20350000	52380000	9124537.05	1976161.4	1573522	2640300	1828	134	4654
"30_70_8"	55752000	12783000	15990000	60780000	6220960.92	1360809.7	1165910	3266134	2022	118	4638
"30_70_10"	46385400	10669000	13500000	65640000	5261361.37	1150548.3	908298	3678856	2123	112	4632
"30_75_1"	420477200	87424000	34440000	26180000	41330584.8	8548570	2690505	930822	1243	233	4753
"30_75_3"	145960300	31802000	27370000	39620000	14634264.32	3132616.5	2049352	1925774	1538	198	4718
"30_75_5"	91077000	20380000	23020000	48120000	9309507.57	2019737.6	1642408	2550386	1732	188	4708
"30_75_9"	54277800	12441000	16250000	61020000	5771681.61	1260370.9	1043706	3479928	2023	156	4676
"30_80_1"	452255300	94334000	39260000	18900000	42042113.31	8703325.7	2798474	795482	1084	351	4871
"30_80_2"	230175800	49541000	35140000	26600000	21645055.12	4586288.8	2444334	1339908	1258	324	4844
"30_80_5"	96922200	21876000	26010000	43680000	9427580.61	2049956.8	1702806	2475466	1639	265	4785
"30_80_10"	52238800	12243000	17270000	60020000	5379600.05	1182343.1	984452	3583916	2000	208	4728
"30_85_1"	476115800	99487000	42780000	14560000	42461677.92	8793932.8	2860192	729968	980	486	5006
"30_85_5"	101014500	22917000	28030000	41500000	9492238.95	2066404.6	1734722	2445940	1593	358	4878
"30_90_1"	490900100	102629000	45140000	11820000	42666704.8	8837508.9	2893099	696588	925	585	5105
"30_90_2"	248612300	53675000	40250000	20620000	21936351.72	4651496.4	2524591	1258478	1128	536	5056
"30_90_3"	167795000	36931000	35350000	29080000	15029625.71	3225495.7	2193852	1761112	1321	469	4989
"30_90_4"	127354700	28502000	32360000	34760000	11580824.03	2500535.6	1983443	2083098	1445	454	4974
"30_90_5"	103241200	23477000	29160000	40280000	9519850.03	2073348.6	1748734	2432614	1571	410	4930
"30_90_6"	86840600	19885000	26470000	44620000	8136844.84	1774866.4	1557049	2718252	1658	358	4878
"30_90_10"	54469300	12839000	18760000	58440000	5407258.25	1189733.5	1002928	3566780	1973	278	4798
"30_95_1"	497802600	104139000	46260000	10960000	42742141.9	8854000.7	2905382	688112	912	654	5174
"30_95_5"	104072400	23686000	29590000	40020000	9527912.67	2075375.9	1752905	2430358	1569	440	4960
"30_100_1"	499445700	104483000	46490000	10940000	42756604.54	8857026.3	2907402	687944	912	676	5196
"30_100_2"	252363900	54517000	41300000	19940000	21975029.24	4660208.8	2535575	1251878	1117	607	5127
"30_100_5"	104072400	23686000	29590000	40020000	9527912.67	2075375.9	1752905	2430358	1569	440	4960
"30_100_7"	75719800	17467000	24700000	48640000	7163283.5	1565512.9	1413581	2949212	1759	382	4902
"30_100_10"	54469300	12839000	18760000	58440000	5407258.25	1189733.5	1002928	3566780	1973	278	4798
"35_50_1"	155331200	32112000	10870000	68940000	20068910.57	4149793.2	1415624	2827480	2188	14	4534
"35_50_3"	58283600	12459000	9130000	72340000	7578494.18	1618905.6	1158891	3226094	2259	10	4530
"35_50_5"	38866800	8517000	7860000	74880000	5084974.25	1112634.3	969987	3524940	2316	10	4530
"35_55_1"	202422500	42008000	14930000	61160000	23625762.76	4897716.2	1721424	2358894	2025	31	4551
"35_55_2"	106062400	22508000	13610000	63740000	12431986.35	2634754.1	1548647	2622426	2076	28	4548
"35_55_4"	57859400	12590000	11370000	68180000	6839290.54	1482806	1258637	3082072	2174	26	4546
"35_55_5"	48224100	10603000	10600000	69700000	5724077.84	1255108.1	1157129	3240900	2202	25	4545
"35_55_10"	28906200	6470000	8140000	74600000	3503700.56	775292	866352	3692772	2313	24	4544
"35_60_1"	248239700	51461000	19770000	51980000	26338015.76	5456858.2	2007667	1922980	1817	56	4576
"35_60_5"	57293200	12714000	13730000	63800000	6209274.69	1368046.6	1324584	2989532	2065	43	4563
"35_65_1"	292250800	60645000	24860000	42760000	28379328.75	5882914.8	2242754	1578520	1634	104	4624
"35_65_2"	150835600	32210000	22510000	47300000	14743316.38	3135186.1	2003606	1944252	1724	96	4616
"35_65_3"	103680600	22589000	20420000	51380000	10201251.8	2203868.5	1791186	2277352	1817	91	4611
"35_65_5"	65959000	14741000	17190000	57680000	6572371.71	1452977.9	1469558	2781224	1950	83	4603
"35_65_6"	56487100	12896000	15880000	60200000	5665711.31	1271765.9	1350529	2965876	2012	78	4598
"35_65_10"	37582800	8602000	12650000	66580000	3867250.1	864622.8	1055321	3421588	2158	74	4594
"35_70_1"	333666900	69441000	29740000	34180000	29884813.48	6202540.3	2420175	1324116	1429	163	4683
"35_70_5"	74025200	16710000	20350000	52380000	6837749.69	1517758	1573522	2640300	1828	134	4654
"35_70_7"	55387700	12741000	17380000	58200000	5197837.11	1166216.5	1334863	3019972	1957	128	4648
"35_75_1"	371168000	77357000	33830000	27400000	30954536.53	6428329	2536744	1165474	1270	233	4753
"35_75_2"	189942800	40859000	30380000	34040000	15988753.93	3410560.7	2254449	1598788	1419	220	4740
"35_75_4"	99269600	22211000	25130000	44040000	8511067.35	1870738.1	1810074	2286822	1636	195	4715
"35_75_5"	81194600	18399000	23020000	48120000	7022720.21	1561334.2	1642408	2550386	1732	188	4708
"35_75_8"	53843600	12553000	18580000	56440000	4789055.79	1079727.7	1305387	3062898	1928	160	4680
"35_75_10"	44763100	10397000	16380000	60700000	4052501.84	910933.8	1151555	3297424	2026	153	4673
"35_80_1"	402946100	84267000	38650000	20120000	31666065.04	6583084.7	2644713	1030134	1111	351	4871
"35_80_3"	139656400	30885000	31490000	33520000	11219222.68	2437616.6	2098165	1865784	1412	305	4825
"35_80_5"	87039800	19895000	26010000	43680000	7140793.25	1591553.4	1702806	2475466	1639	265	4785
"35_80_9"	51655800	12244000	18780000	57080000	4429682.26	1007715.7	1209981	3232702	1919	212	4732
"35_85_1"	426806600	89420000	42170000	15780000	32085629.65	6673691.8	2706431	964620	1007	486	5006
"35_85_2"	217008500	47079000	37610000	24100000	16525968.87	3533922.9	2398027	1430608	1206	446	4966
"35_85_5"	91132100	20936000	28030000	41500000	7205451.59	1608001.2	1734722	2445940	1593	358	4878
"35_85_10"	48862700	11506000	19080000	57620000	4117275.52	928456	1194215	3255520	1967	269	4789
"35_90_1"	441590900	92562000	44530000	13040000	32290656.53	6717267.9	2739338	931240	952	585	5105
"35_90_5"	93358800	21496000	29160000	40280000	7233062.67	1614945.2	1748734	2432614	1571	410	4930
"35_95_1"	448493400	94072000	45650000	12180000	32366093.63	6733759.7	2751621	922764	939	654	5174
"35_95_2"	227076000	49346000	40370000	21260000	16652936.99	3562425.6	2432813	1398620	1154	580	5100
"35_95_3"	153232200	34093000	36510000	28040000	11418813.65	2484743	2171474	1794870	1294	533	5053
"35_95_4"	116273800	26311000	32370000	34920000	8802540.47	1941105.6	1933041	2149810	1455	463	4983
"35_95_5"	94190000	21705000	29590000	40020000	7241125.31	1616972.5	1752905	2430358	1569	440	4960
"35_95_6"	79236000	18523000	26810000	44680000	6193151.05	1401491	1596210	2663294	1658	395	4915
"35_95_10"	49695400	11730000	19660000	57240000	4125352.71	930628.8	1199841	3252184	1962	308	4828
"35_100_1"	450136500	94416000	45880000	12160000	32380556.27	6736785.3	2753641	922596	939	676	5196
"35_100_5"	94190000	21705000	29590000	40020000	7241125.31	1616972.5	1752905	2430358	1569	440	4960
"40_50_1"	106295600	22208000	9010000	72640000	11985270.98	2512052.3	1052553	3405620	2271	13	4533
"40_50_2"	58006600	12544000	8220000	74180000	6554247.92	1422357.7	946617	3572926	2305	11	4531
"40_50_5"	29027300	6453000	6800000	76980000	3300849.75	736317.5	756673	3861852	2369	9	4529
"40_50_10"	19345300	4395000	5080000	80380000	2223062.4	505502.8	547644	4194426	2454	7	4527
"40_55_1"	153386900	32104000	13070000	64860000	15542123.17	3259975.3	1358353	2937034	2108	30	4550
"40_55_3"	57553000	12693000	10990000	68980000	5870158.53	1297618.2	1114174	3319896	2192	28	4548
"40_55_5"	38384600	8539000	9540000	71800000	3939953.34	878791.3	943815	3577812	2255	24	4544
"40_60_1"	199204100	41557000	17910000	55680000	18254376.17	3819117.3	1644596	2501120	1900	55	4575
"40_60_2"	104371900	22524000	16200000	59020000	9606106.99	2080007.8	1466152	2780724	1969	51	4571
"40_60_4"	56929800	12785000	13370000	64540000	5286456.3	1187087.6	1182608	3227580	2087	44	4564
"40_60_5"	47453700	10650000	12670000	65900000	4425150.19	991729.8	1111270	3326444	2118	42	4562
"40_60_10"	28424100	6599000	9140000	72820000	2708778.2	623416.8	764854	3871096	2278	35	4555
"40_65_1"	243215200	50741000	2.3e+07	46460000	20295689.16	4245173.9	1879683	2156660	1717	103	4623
"40_65_5"	56119500	12677000	16130000	59780000	4788247.21	1076661.1	1256244	3118136	2003	82	4602
"40_70_1"	284631300	59537000	27880000	37880000	21801173.89	4564799.4	2057104	1902256	1512	162	4682
"40_70_2"	146864400	31882000	25110000	43220000	11327646.74	2458468.3	1825820	2262314	1631	152	4672
"40_70_3"	100921300	22497000	22860000	47580000	7838954.62	1740654	1648685	2538274	1727	145	4665
"40_70_5"	64185700	14646000	19290000	54480000	5053625.19	1141441.2	1360208	2977212	1881	133	4653
"40_70_6"	54931500	12890000	17710000	57600000	4355840.56	1013770.2	1242038	3170396	1953	131	4651
"40_70_10"	36503000	8688000	13500000	65640000	2974574.01	692144.9	908298	3678856	2123	112	4632
"40_75_1"	322132400	67453000	31970000	31100000	22870896.94	4790588.1	2173673	1743614	1353	232	4752
"40_75_5"	71355100	16335000	21960000	50220000	5238595.71	1185017.4	1429094	2887298	1785	187	4707
"40_75_7"	53312200	12541000	18670000	56340000	3981054.35	922460.4	1187174	3254592	1923	164	4684
"40_80_1"	353910500	74363000	36790000	23820000	23582425.45	4945343.8	2281642	1608274	1194	350	4870
"40_80_2"	180966600	39506000	33100000	30680000	12182496.99	2648953.2	2022305	2005326	1346	324	4844
"40_80_4"	94419600	21643000	26980000	42120000	6488250.63	1468896.5	1608241	2643062	1597	284	4804
"40_80_5"	77200300	17831000	24950000	45780000	5356668.75	1215236.6	1489492	2812378	1692	264	4784
"40_80_8"	51017300	12136000	19370000	55880000	3652144.67	849942.7	1121356	3371474	1915	211	4731
"40_80_10"	42356400	10262000	17270000	60020000	3092812.69	723939.7	984452	3583916	2000	208	4728
"40_85_1"	377771000	79516000	40310000	19480000	24001990.06	5035950.9	2343360	1542760	1090	485	5005
"40_85_3"	130653800	29509000	32430000	33860000	8509153.22	1898536.1	1858681	2282226	1427	416	4936
"40_85_5"	81292600	18872000	26970000	43600000	5421327.09	1231684.4	1521408	2782852	1646	357	4877
"40_85_9"	48020900	11634000	19570000	57160000	3364890.6	788446	1073928	3471862	1946	295	4815
"40_90_1"	392555300	82658000	42670000	16740000	24207016.94	5079527	2376267	1509380	1035	584	5104
"40_90_2"	199403100	43640000	38210000	24700000	12473793.59	2714160.8	2102562	1923896	1216	536	5056
"40_90_5"	83519300	19432000	28100000	42380000	5448938.17	1238628.4	1535420	2769526	1624	409	4929
"40_90_10"	44586900	10858000	18760000	58440000	3120470.89	731330.1	1002928	3566780	1973	278	4798
"40_95_1"	399457800	84168000	43790000	15880000	24282454.04	5096018.8	2388550	1500904	1022	653	5173
"40_95_5"	84350500	19641000	28530000	42120000	5457000.81	1240655.7	1539591	2767270	1622	439	4959
"40_100_1"	401100900	84512000	44020000	15860000	24296916.68	5099044.4	2390570	1500736	1022	675	5195
"40_100_2"	203154700	44482000	39260000	24020000	12512471.11	2722873.2	2113546	1917296	1205	607	5127
"40_100_3"	137153000	31048000	34900000	31740000	8588220.57	1917149.9	1888540	2258856	1390	557	5077
"40_100_4"	104142000	23967000	31290000	37580000	6627156.88	1502120.7	1669152	2585580	1505	488	5008
"40_100_5"	84350500	19641000	28530000	42120000	5457000.81	1240655.7	1539591	2767270	1622	439	4959
"40_100_6"	71059600	16945000	26040000	4.7e+07	4671232.38	1093082.5	1401129	2992076	1720	434	4954
"40_100_10"	44586900	10858000	18760000	58440000	3120470.89	731330.1	1002928	3566780	1973	278	4798
"45_50_1"	57650200	12160000	6770000	77100000	5701319.38	1206312.2	701700	3948826	2373	12	4532
"45_50_5"	19251600	4299000	5660000	79260000	1912444.45	428013.3	570431	4146756	2424	9	4529
"45_55_1"	104741500	22056000	10830000	69320000	9258171.57	1954235.2	1007500	3480240	2210	29	4549
"45_55_2"	57165500	12358000	1e+07	70940000	5064756.78	1097172.3	921524	3611648	2243	27	4547
"45_55_5"	28608900	6385000	8400000	74080000	2551548.04	570487.1	757573	3862716	2310	24	4544
"45_55_10"	19062800	4368000	6700000	77460000	1718973.14	393149.4	594780	4123478	2384	23	4543
"45_60_1"	150558700	31509000	15670000	60140000	11970424.57	2513377.2	1293743	3044326	2002	54	4574
"45_60_3"	56492000	12506000	13010000	65280000	4522698.21	1002979.2	1059287	3407822	2106	45	4565
"45_60_5"	37678000	8496000	11530000	68180000	3036744.89	683425.6	925028	3611348	2173	42	4562
"45_65_1"	194569800	40693000	20760000	50920000	14011737.56	2939433.8	1528830	2699866	1819	102	4622
"45_65_2"	101938700	22060000	18900000	54500000	7376086.81	1597604.3	1376483	2933474	1891	95	4615
"45_65_4"	55595400	12595000	15980000	60180000	4061072.35	918168.1	1144744	3293934	2016	87	4607
"45_65_5"	46343800	10523000	14990000	62060000	3399841.91	768356.9	1070002	3403040	2058	82	4602
"45_65_10"	27739400	6500000	11210000	69440000	2082522.68	482480.2	783749	3852294	2229	73	4593
"45_70_1"	235985900	49489000	25640000	42340000	15517222.29	3259059.3	1706251	2445462	1614	161	4681
"45_70_5"	54410000	12492000	18150000	56760000	3665219.89	833137	1173966	3262116	1936	133	4653
"45_75_1"	273487000	57405000	29730000	35560000	16586945.34	3484848	1822820	2286820	1455	231	4751
"45_75_2"	141045900	30709000	26770000	41240000	8621524.36	1872978.9	1627326	2588010	1586	219	4739
"45_75_3"	96875300	21598000	24110000	46120000	5966680.7	1327949.3	1454735	2848812	1682	197	4717
"45_75_5"	61579400	14181000	20820000	52500000	3850190.41	876713.2	1242852	3172202	1840	187	4707
"45_75_6"	52651600	12252000	18940000	56060000	3318807.28	764590.1	1126465	3352682	1926	177	4697
"45_75_10"	34919700	8295000	14940000	63560000	2267774.42	528791.2	879983	3728130	2097	152	4672
"45_80_1"	305265100	64315000	34550000	28280000	17298473.85	3639603.7	1930789	2151480	1296	349	4869
"45_80_5"	67424600	15677000	23810000	48060000	3968263.45	906932.4	1303250	3097282	1747	264	4784
"45_80_7"	50231900	12141000	20470000	54080000	3015348.34	712599.3	1110438	3390478	1882	231	4751
"45_85_1"	329125600	69468000	38070000	23940000	17718038.46	3730210.8	1992507	2085966	1192	484	5004
"45_85_2"	168111600	36929000	3.4e+07	31300000	9158739.3	1996341.1	1770904	2419830	1373	445	4965
"45_85_4"	87507300	20281000	28090000	4.2e+07	4882103.01	1114423.7	1446301	2908424	1621	389	4909
"45_85_5"	71516900	16718000	25830000	45880000	4032921.79	923380.2	1335166	3067756	1701	357	4877
"45_85_8"	47080900	11428000	20240000	56020000	2752274.16	651392.6	1034941	3520900	1932	305	4825
"45_85_10"	39019300	9404000	17640000	60480000	2332548.1	546313.4	922643	3686226	2038	268	4788
"45_90_1"	343909900	72610000	40430000	21200000	17923065.34	3773786.9	2025414	2052586	1137	583	5103
"45_90_3"	118710000	26727000	32090000	35580000	6362042.09	1420828.5	1599235	2684150	1465	468	4988
"45_90_5"	73743600	17278000	26960000	44660000	4060532.87	930324.2	1349178	3054430	1679	409	4929
"45_90_9"	43372000	10522000	19240000	57660000	2524716.79	595035.5	974529	3602248	1955	287	4807
"45_95_1"	350812400	74120000	41550000	20340000	17998502.44	3790278.7	2037697	2044110	1124	652	5172
"45_95_2"	178179100	39196000	36760000	28460000	9285707.42	2024843.8	1805690	2387842	1321	579	5099
"45_95_5"	74574800	17487000	27390000	44400000	4068595.51	932351.5	1353349	3052174	1677	439	4959
"45_95_10"	39852000	9628000	18220000	60100000	2340625.29	548486.2	928269	3682890	2033	307	4827
"45_100_1"	352455500	74464000	41780000	20320000	18012965.08	3793304.3	2039717	2043942	1124	674	5194
"45_100_5"	74574800	17487000	27390000	44400000	4068595.51	932351.5	1353349	3052174	1677	439	4959
"50_55_1"	56656000	12091000	7540000	75780000	4390891.17	939302.5	609011	4101286	2358	23	4543
"50_55_5"	18921500	4277000	6180000	78460000	1473099.94	333510.1	486921	4291720	2410	21	4541
"50_60_1"	102473200	21544000	12380000	66600000	7103144.17	1498444.5	895254	3665372	2150	48	4568
"50_60_2"	55929700	12173000	11440000	68440000	3885872.32	848855.4	821004	3780758	2186	46	4566
"50_60_5"	27990600	6388000	9310000	72560000	1958296.79	446448.6	654376	4040352	2273	39	4559
"50_60_10"	18642900	4394000	7490000	76100000	1319705.32	308882	516306	4253354	2349	34	4554
"50_65_1"	146484300	30728000	17470000	57380000	9144457.16	1924501.1	1130341	3320912	1967	96	4616
"50_65_3"	54961400	12323000	14750000	62640000	3456769.73	776156.8	933650	3624218	2080	87	4607
"50_65_5"	36656400	8415000	12770000	66440000	2321393.81	531379.9	799350	3832044	2158	79	4599
"50_70_1"	187900400	39524000	22350000	48800000	10649941.89	2244126.6	1307762	3066508	1762	155	4675
"50_70_2"	98422200	21531000	20350000	52640000	5607412.07	1227315.9	1180672	3262348	1848	147	4667
"50_70_4"	53644200	12300000	16970000	59180000	3087953.06	704875.6	971055	3590972	1987	136	4656
"50_70_5"	44722600	10384000	15930000	61140000	2586771.79	596160	903314	3691120	2036	130	4650
"50_70_10"	26721800	6483000	11850000	68920000	1585501.13	377610.1	659750	4061114	2194	111	4631
"50_75_1"	225401500	47440000	26440000	42020000	11719664.94	2469915.3	1424331	2907866	1603	225	4745
"50_75_5"	51892000	12073000	18600000	56880000	2771742.31	639736.2	972200	3601206	1940	184	4704
"50_80_1"	257179600	54350000	31260000	34740000	12431193.45	2624671	1532300	2772526	1444	343	4863
"50_80_2"	132524400	29155000	28340000	40100000	6462262.32	1417800.8	1377157	3005360	1563	319	4839
"50_80_3"	90937200	20619000	25820000	44780000	4474740.61	1009904.9	1240629	3212650	1675	301	4821
"50_80_5"	57737200	13569000	21590000	52440000	2889815.35	669955.4	1032598	3526286	1847	261	4781
"50_80_6"	49282500	11687000	19980000	55180000	2489997.21	581109.8	950293	3641352	1904	237	4757
"50_80_10"	32575200	8057000	15620000	63300000	1703739.81	409404.9	735904	3966174	2071	207	4727
"50_85_1"	281040100	59503000	34780000	30400000	12850758.06	2715278.1	1594018	2707012	1340	478	4998
"50_85_5"	61829500	14610000	23610000	50260000	2954473.69	686403.2	1064514	3496760	1801	354	4874
"50_85_7"	45923500	11005000	20020000	56660000	2245485.38	527391.4	897962	3743414	1937	315	4835
"50_90_1"	295824400	62645000	37140000	27660000	13055784.94	2758854.2	1626925	2673632	1285	577	5097
"50_90_2"	150960900	33289000	33450000	34120000	6753558.92	1483008.4	1457414	2923930	1433	531	5051
"50_90_4"	78427800	18177000	27100000	45180000	3605173.73	826785.6	1175337	3345864	1678	449	4969
"50_90_5"	64056200	15170000	24740000	49040000	2982084.77	693347.2	1078526	3483434	1779	406	4926
"50_90_8"	42034200	10129000	19260000	58160000	2037815.5	480797.5	848970	3815120	1970	314	4834
"50_90_10"	34805700	8653000	17110000	61720000	1731398.01	416795.3	754380	3949038	2044	277	4797
"50_95_1"	302726900	64155000	38260000	26800000	13131222.04	2775346	1639208	2665156	1272	646	5166
"50_95_3"	104513000	23827000	30840000	39300000	4674331.58	1057031.3	1313938	3141736	1557	529	5049
"50_95_5"	64887400	15379000	25170000	48780000	2990147.41	695374.5	1082697	3481178	1777	436	4956
"50_95_9"	38224600	9425000	18890000	59480000	1868523.12	448239.6	817491	3861268	2010	343	4863
"50_100_1"	304370000	64499000	38490000	26780000	13145684.68	2778371.6	1641228	2664988	1272	668	5188
"50_100_2"	154712500	34131000	34500000	33440000	6792236.44	1491720.8	1468398	2917330	1422	602	5122
"50_100_5"	64887400	15379000	25170000	48780000	2990147.41	695374.5	1082697	3481178	1777	436	4956
"50_100_10"	34805700	8653000	17110000	61720000	1731398.01	416795.3	754380	3949038	2044	277	4797
"55_60_1"	55186500	11653000	8720000	73840000	3352173.31	709373.2	550959	4210952	2309	44	4564
"55_60_5"	18437700	4304000	6940000	77260000	1125069.27	262690.8	427382	4402510	2381	37	4557
"55_65_1"	99197600	20837000	13810000	64620000	5393486.3	1135429.8	786046	3866492	2126	92	4612
"55_65_2"	54142000	11897000	12730000	66680000	2951216.55	650325.3	716296	3973344	2166	87	4607
"55_65_5"	27103500	6331000	10400000	71140000	1488166.29	347622.1	572356	4194202	2266	77	4597
"55_65_10"	18045000	4323000	8300000	75180000	1003411.26	238976.1	447826	4384686	2363	69	4589
"55_70_1"	140613700	29633000	18690000	56040000	6898971.03	1455055.3	963467	3612088	1921	151	4671
"55_70_3"	52736900	11997000	15680000	61760000	2608669.61	592799.1	794548	3872256	2053	136	4656
"55_70_5"	35169700	8300000	13560000	65840000	1753544.27	412402.2	676320	4053278	2144	128	4648
"55_75_1"	178114800	37549000	22780000	49260000	7968694.08	1680844	1080036	3453446	1762	221	4741
"55_75_2"	93249200	20546000	20600000	53420000	4196654.1	925699.9	967139	3627880	1861	211	4731
"55_75_4"	50778800	11814000	17570000	59020000	2311649.77	537689.8	811418	3858628	1980	188	4708
"55_75_5"	42339100	9989000	16230000	61580000	1938514.79	455978.4	745206	3963364	2048	182	4702
"55_75_10"	25225300	6118000	12030000	69300000	1188663	285287.1	544060	4260522	2231	148	4668
"55_80_1"	209892900	44459000	27600000	41980000	8680222.59	1835599.7	1188005	3318106	1603	339	4859
"55_80_5"	48184300	11485000	19220000	57140000	2056587.83	486197.6	805604	3888444	1955	259	4779
"55_85_1"	233753400	49612000	31120000	37640000	9099787.2	1926206.8	1249723	3252592	1499	474	4994
"55_85_2"	120314900	26766000	27830000	43480000	4733869.04	1049062.1	1110717	3459700	1648	437	4957
"55_85_3"	82469400	19009000	25250000	48040000	3278868.21	750681.2	1004544	3616208	1753	407	4927
"55_85_5"	52276600	12526000	21240000	54960000	2121246.17	502645.4	837520	3858918	1909	352	4872
"55_85_6"	44519900	10880000	19580000	57560000	1826698.28	440188.5	773697	3939228	1974	316	4836
"55_85_10"	29324900	7227000	14730000	66220000	1253436.68	302809.3	586720	4218618	2172	264	4784
"55_90_1"	248537700	52754000	33480000	34900000	9304814.08	1969782.9	1282630	3219212	1444	573	5093
"55_90_5"	54503300	13086000	22370000	53740000	2148857.25	509589.4	851532	3845592	1887	404	4924
"55_90_7"	40413900	9898000	18750000	59740000	1636132.47	393595.3	714394	4038840	2021	342	4862
"55_95_1"	255440200	54264000	34600000	34040000	9380251.18	1986274.7	1294913	3210736	1431	642	5162
"55_95_2"	130382400	29033000	30590000	40640000	4860837.16	1077564.8	1145503	3427712	1596	571	5091
"55_95_4"	67783000	15914000	24810000	49900000	2603122.89	608057.3	934385	3721616	1799	456	4976
"55_95_5"	55334500	13295000	22800000	53480000	2156919.89	511616.7	855703	3843336	1885	434	4954
"55_95_8"	36379900	8902000	17430000	62380000	1480316.91	356242.8	661470	4118316	2070	342	4862
"55_95_10"	30157600	7451000	15310000	65840000	1261513.87	304982.1	592346	4215282	2167	303	4823
"55_100_1"	257083300	54608000	34830000	34020000	9394713.82	1989300.3	1296933	3210568	1431	664	5184
"55_100_3"	88968600	20548000	27720000	45920000	3357935.56	769295	1034403	3592838	1716	548	5068
"55_100_5"	55334500	13295000	22800000	53480000	2156919.89	511616.7	855703	3843336	1885	434	4954
"55_100_9"	32742700	8077000	16210000	64080000	1355953.49	328146.9	619662	4172906	2125	305	4825
"60_65_1"	53094700	11435000	9620000	72740000	2527282.59	546455.1	477142	4344128	2295	79	4599
"60_65_5"	17748400	4268000	7890000	76040000	849013.8	204801.6	381747	4488956	2368	71	4591
"60_70_1"	94510800	20231000	14500000	64160000	4032767.32	866080.6	654563	4089724	2090	138	4658
"60_70_2"	51575700	11604000	13390000	66260000	2207486.57	498582.6	598959	4174450	2141	132	4652
"60_70_5"	25814600	6237000	11050000	70740000	1114391.78	269581.7	485711	4348032	2246	122	4642
"60_70_10"	17161300	4328000	8770000	7.5e+07	751704.21	188514.6	379379	4505592	2329	107	4627
"60_75_1"	132011900	28147000	18590000	57380000	5102490.37	1091869.3	771132	3931082	1931	208	4728
"60_75_3"	49466200	11336000	15560000	62940000	1929913.99	444987.6	633693	4135698	2057	183	4703
"60_75_5"	32984000	7926000	13720000	66480000	1299362.3	313157.9	554597	4258118	2150	176	4696
"60_80_1"	163790000	35057000	23410000	50100000	5814018.88	1246625	879101	3795742	1772	326	4846
"60_80_2"	85677900	19228000	21380000	53720000	3062336.82	689067.5	795444	3917462	1856	304	4824
"60_80_4"	46572600	11101000	18060000	59700000	1687720.33	401771.4	663328	4111070	1991	271	4791
"60_80_5"	38829200	9422000	16710000	62040000	1417435.34	343377.1	614995	4183198	2057	253	4773
"60_80_10"	23014700	5902000	12540000	69380000	869942.89	220309.4	455533	4410652	2206	203	4723
"60_85_1"	187650500	40210000	26930000	45760000	6233583.49	1337232.1	940819	3730228	1668	461	4981
"60_85_5"	42921500	10463000	18730000	59860000	1482093.68	359824.9	646911	4153672	2011	346	4866
"60_90_1"	202434800	43352000	29290000	43020000	6438610.37	1380808.2	973726	3696848	1613	560	5080
"60_90_2"	104114400	23362000	26490000	47740000	3353633.42	754275.1	875701	3836032	1726	516	5036
"60_90_3"	71300900	16465000	23540000	52400000	2325275.38	537866.8	778193	3971036	1840	454	4974
"60_90_5"	45148200	11023000	19860000	58640000	1509704.76	366768.9	660923	4140346	1989	398	4918
"60_90_6"	38376900	9396000	18360000	60660000	1299390.93	317278.1	609213	4203260	2015	349	4869
"60_90_10"	25245200	6498000	14030000	67800000	897601.09	227699.8	474009	4393516	2179	273	4793
"60_95_1"	209337300	44862000	30410000	42160000	6514047.47	1397300	986009	3688372	1600	629	5149
"60_95_5"	45979400	11232000	20290000	58380000	1517767.4	368796.2	665094	4138090	1987	428	4948
"60_95_7"	34158200	8546000	17220000	63100000	1159016.52	288104.8	569339	4262892	2079	357	4877
"60_100_1"	210980400	45206000	30640000	42140000	6528510.11	1400325.6	988029	3688204	1600	651	5171
"60_100_2"	107866000	24204000	27540000	47060000	3392310.94	762987.5	886685	3829432	1715	587	5107
"60_100_4"	56295000	13425000	22370000	55160000	1826626.58	434995.6	724239	4053588	1899	475	4995
"60_100_5"	45979400	11232000	20290000	58380000	1517767.4	368796.2	665094	4138090	1987	428	4948
"60_100_8"	30427600	7702000	16220000	64800000	1048909.78	262432.7	534591	4314398	2117	342	4862
"60_100_10"	25245200	6498000	14030000	67800000	897601.09	227699.8	474009	4393516	2179	273	4793
"65_70_1"	50098500	10984000	9950000	72840000	1869274.89	411278.7	389614	4491020	2293	117	4637
"65_70_5"	16747600	4147000	8130000	76320000	629126.84	156020.3	312027	4611036	2381	109	4629
"65_75_1"	87599600	18900000	14040000	66060000	2938997.94	637067.4	506183	4332378	2134	187	4707
"65_75_2"	47789200	10833000	12900000	68240000	1609210.23	366853	461288	4402386	2195	182	4702
"65_75_5"	23917000	5836000	10800000	72060000	814097.36	199596.5	380913	4521122	2285	163	4683
"65_75_10"	15861500	3971000	8680000	75780000	548994.02	137485.4	303639	4628962	2372	137	4657
"65_80_1"	119377700	25810000	18860000	58780000	3650526.45	791823.1	614152	4197038	1975	305	4825
"65_80_3"	44657600	10478000	16080000	63680000	1381734.88	325139.7	516556	4337632	2096	272	4792
"65_80_5"	29762200	7332000	13790000	67620000	932170.4	229815.7	441311	4446202	2192	240	4760
"65_85_1"	143238200	30963000	22380000	54440000	4070091.06	882430.2	675870	4131524	1871	440	4960
"65_85_2"	74854900	17053000	20130000	58300000	2146425.17	490215.2	604866	4234206	1982	408	4928
"65_85_4"	40593300	9864000	17080000	63440000	1184779.84	287499	509652	4366450	2108	360	4880
"65_85_5"	33854500	8373000	15810000	65440000	996828.74	246263.5	473227	4416676	2146	333	4853
"65_85_10"	19961100	5080000	11380000	72700000	613767.7	155007.6	346299	4587058	2313	253	4773
"65_90_1"	158022500	34105000	24740000	51700000	4275117.94	926006.3	708777	4098144	1816	539	5059
"65_90_5"	36081200	8933000	16940000	64220000	1024439.82	253207.5	487239	4403350	2124	385	4905
"65_95_1"	164925000	35615000	25860000	50840000	4350555.04	942498.1	721060	4089668	1803	608	5128
"65_95_2"	84922400	19320000	22890000	55460000	2273393.29	518717.9	639652	4202218	1930	542	5062
"65_95_3"	58233400	13686000	21100000	58200000	1581325.85	372266.1	589865	4266718	1978	500	5020
"65_95_5"	36912400	9142000	17370000	63960000	1032502.46	255234.8	491410	4401094	2122	415	4935
"65_95_6"	31430200	7804000	15890000	66120000	891185.15	220930.8	453399	4450004	2149	375	4895
"65_95_10"	20793800	5304000	11960000	72320000	621844.89	157180.4	351925	4583722	2308	292	4812
"65_100_1"	166568100	35959000	26090000	50820000	4365017.68	945523.7	723080	4089500	1803	630	5150
"65_100_5"	36912400	9142000	17370000	63960000	1032502.46	255234.8	491410	4401094	2122	415	4935
"65_100_7"	27608100	6966000	15090000	67400000	794008.89	198504.7	426908	4481102	2186	359	4879
"70_75_1"	45587300	10075000	9150000	75260000	1335756.32	296794.3	282788	4667458	2334	158	4678
"70_75_5"	15254400	3837000	7620000	7.8e+07	450964.18	114217	231457	4742000	2402	142	4662
"70_80_1"	77365400	16985000	13970000	67980000	2047284.83	451550	390757	4532118	2175	276	4796
"70_80_2"	42187600	9776000	12980000	69640000	1120857.43	261260.9	360408	4573148	2211	260	4780
"70_80_5"	21099600	5333000	10610000	73560000	569037.22	144436.2	291855	4667080	2309	219	4739
"70_80_10"	13938000	3718000	8680000	76700000	384222.02	102332.4	237693	4738290	2376	183	4703
"70_85_1"	101225900	22138000	17490000	63640000	2466849.44	542157.1	452475	4466604	2071	411	4931
"70_85_3"	37817900	9164000	14560000	68460000	936204.66	228646.9	373807	4574088	2196	359	4879
"70_85_5"	25191900	6374000	12630000	71380000	633695.56	160884	323771	4637554	2263	312	4832
"70_90_1"	116010200	25280000	19850000	60900000	2671876.32	585733.2	485382	4433224	2016	510	5030
"70_90_2"	60624100	13910000	18090000	63660000	1412154.03	326468.5	440665	4491718	2081	472	4992
"70_90_4"	32868900	8027000	15100000	68220000	783222.43	192604.8	367393	4586108	2188	401	4921
"70_90_5"	27418600	6934000	13760000	70160000	661306.64	167828	337783	4624228	2241	364	4884
"70_90_10"	16168500	4314000	10170000	75120000	411880.22	109722.8	256169	4721154	2349	253	4773
"70_95_1"	122912700	26790000	20970000	60040000	2747313.42	602225	497665	4424748	2003	579	5099
"70_95_5"	28249800	7143000	14190000	69900000	669369.28	169855.3	341954	4621972	2239	394	4914
"70_100_1"	124555800	27134000	21200000	60020000	2761776.06	605250.6	499685	4424580	2003	601	5121
"70_100_2"	64375700	14752000	19140000	62980000	1450831.55	335180.9	451649	4485118	2070	543	5063
"70_100_3"	44317100	10703000	17030000	66340000	1015272.01	247260.7	403666	4550718	2159	500	5020
"70_100_5"	28249800	7143000	14190000	69900000	669369.28	169855.3	341954	4621972	2239	394	4914
"70_100_6"	24213000	6202000	13270000	71680000	581382.51	149923.4	321365	4654062	2266	391	4911
"70_100_10"	16168500	4314000	10170000	75120000	411880.22	109722.8	256169	4721154	2349	253	4773
"75_80_1"	38965000	8766000	9160000	76360000	896949.36	202628.8	219824	4771124	2366	214	4734
"75_80_5"	13031200	3343000	7240000	79320000	303471.84	77871.8	170048	4834176	2437	170	4690
"75_85_1"	62825500	13919000	12680000	72020000	1316513.97	293235.9	281542	4705610	2262	349	4869
"75_85_2"	34252300	8073000	11540000	73760000	722627.78	171155.2	254632	4739624	2315	322	4842
"75_85_5"	17123500	4384000	9260000	77140000	368130.18	94319.6	201964	4804650	2391	263	4783
"75_85_10"	11285600	2956000	6950000	80680000	250172.48	65174.8	152310	4867192	2471	209	4729
"75_90_1"	77609800	17061000	15040000	69280000	1521540.85	336812	314449	4672230	2207	448	4968
"75_90_3"	29021000	6979000	12260000	73200000	580766.85	140598.4	254816	4744010	2312	366	4886
"75_90_5"	19350200	4944000	10390000	75920000	395741.26	101263.6	215976	4791324	2369	315	4835
"75_95_1"	84512300	18571000	16160000	68420000	1596977.95	353303.8	326732	4663754	2194	517	5037
"75_95_2"	44319800	10340000	14300000	70920000	849595.9	199657.9	289418	4707636	2263	456	4976
"75_95_4"	24190300	5947000	11490000	74640000	476874.04	118020.1	232617	4772084	2349	361	4881
"75_95_5"	20181400	5153000	10820000	75660000	403803.9	103290.9	220147	4789068	2367	345	4865
"75_95_10"	12118300	3180000	7530000	80300000	258249.67	67347.6	157936	4863856	2466	248	4768
"75_100_1"	86155400	18915000	16390000	68400000	1611440.59	356329.4	328752	4663586	2194	539	5059
"75_100_5"	20181400	5153000	10820000	75660000	403803.9	103290.9	220147	4789068	2367	345	4865
"80_85_1"	29719700	6785000	7870000	79640000	537919.45	123563.5	149488	4875494	2434	249	4769
"80_85_5"	9950600	2664000	6280000	81940000	182995.56	49228	117924	4913892	2494	205	4725
"80_90_1"	44504000	9927000	10230000	76900000	742946.33	167139.6	182395	4842114	2379	348	4868
"80_90_2"	24295400	5763000	9430000	78060000	409645.05	98100.1	167388	4860676	2408	326	4846
"80_90_5"	12177300	3224000	7410000	80720000	210606.64	56172	131936	4900566	2472	257	4777
"80_90_10"	8088700	2218000	5740000	82560000	145993.84	40154.8	104326	4926584	2513	182	4702
"80_95_1"	51406500	11437000	11350000	76040000	818383.43	183631.4	194678	4833638	2366	417	4937
"80_95_3"	19434500	4835000	9320000	78600000	317935.31	79977.8	160029	4871872	2421	342	4862
"80_95_5"	13008500	3433000	7840000	80460000	218669.28	58199.3	136107	4898310	2470	287	4807
"80_100_1"	53049600	11781000	11580000	76020000	832846.07	186657	196698	4833470	2366	439	4959
"80_100_2"	28047000	6605000	10480000	77380000	448322.57	106812.5	178372	4854076	2397	397	4917
"80_100_4"	15580900	3949000	8590000	79540000	257246.87	66038.4	147259	4885304	2447	316	4836
"80_100_5"	13008500	3433000	7840000	80460000	218669.28	58199.3	136107	4898310	2470	287	4807
"80_100_10"	8088700	2218000	5740000	82560000	145993.84	40154.8	104326	4926584	2513	182	4702
"85_90_1"	18888300	4294000	5490000	84040000	269869.17	61768.6	82270	4967146	2549	231	4751
"85_90_5"	6329600	1701000	4150000	85720000	92436.22	24965	61660	4989400	2587	181	4701
"85_95_1"	25790800	5804000	6610000	83180000	345306.27	78260.4	94553	4958670	2536	300	4820
"85_95_2"	14170800	3412000	5820000	84040000	191799.36	46584.7	83044	4969956	2554	264	4784
"85_95_5"	7160800	1910000	4580000	85460000	100498.86	26992.3	65831	4987144	2585	211	4731
"85_95_10"	4935400	1363000	3580000	86600000	72899.85	20169	53026	4999808	2605	168	4688
"85_100_1"	27433900	6148000	6840000	83160000	359768.91	81286	96573	4958502	2536	322	4842
"85_100_3"	10602300	2682000	5510000	84780000	143895.49	36664.8	77807	4978848	2570	270	4790
"85_100_5"	7160800	1910000	4580000	85460000	100498.86	26992.3	65831	4987144	2585	211	4731
"90_95_1"	9136100	2133000	2880000	87780000	103133.14	24212.2	34059	5022228	2632	157	4677
"90_95_5"	3063900	825000	2120000	88420000	35748.12	9665.7	25127	5028876	2643	113	4633
"90_100_1"	10779200	2477000	3110000	87760000	117595.78	27237.8	36079	5022060	2632	179	4699
"90_100_2"	5984900	1464000	2800000	87980000	66369.72	16418	32612	5024328	2634	159	4679
"90_100_5"	3063900	825000	2120000	88420000	35748.12	9665.7	25127	5028876	2643	113	4633
"90_100_10"	2232700	616000	1690000	88680000	27685.48	7638.4	20956	5031132	2645	83	4603
"95_100_1"	2477000	580000	930000	89980000	22551.32	5313.3	8795	5046132	2670	72	4592
"95_100_5"	833600	233000	670000	9e+07	8085.92	2260.1	6499	5046300	2670	47	4567
