AgeInterval	Input	Low	High								
0	1	1	1								
5	0.9942	0.994026	0.994316								
10	0.9937	0.993511	0.993826								
15	0.9931	0.992893	0.993238								
20	0.9919	0.991657	0.992062								
25	0.9902	0.989906	0.990396								
30	0.9883	0.987949	0.988534								
35	0.9858	0.985374	0.986084								
40	0.9821	0.981563	0.982458								
45	0.9762	0.975486	0.976676								
50	0.9665	0.965495	0.96717								
55	0.9508	0.949324	0.951784								
60	0.9272	0.925016	0.928656								
65	0.8906	0.887318	0.892788								
70	0.8347	0.829741	0.838006								
75	0.7466	0.738998	0.751668								
80	0.6127	0.601081	0.620446								
85	0.4344	0.417432	0.445712								
90	0.2398	0.216994	0.255004								
95	0.0892	0.061876	0.107416								
100	0	0	0								
											
											
											
											
											
											
											
											
											
											
											
											
											
											
											
											
											
											
											
											
											
											
											
											
											
											
											
											
											
											
											
											
											
											
											
											
											
											
											
											
											
											
											
											
											
											
											
											
											
											
											
											
											
											
											
											
											
											
											
											
											
